3LNO Amplaice
103								
FRV								
1990	2017							
1	1	0.88	0.88					
1	15							
1	11.36	53.13	186.1	705.41	853.1	642.86	369.63	191.67	124.52	55.2	29.2	17.43	12.05	9.32	11.72
1	1.56	98.83	264.49	449.84	724.4	578.81	249.38	116.27	81.84	44.3	25.92	13.86	12.21	6.98	8.38
1	5.84	81.45	217.71	258.26	367.93	499.19	226.08	76.71	35.65	17.68	8.45	6.85	3.33	3.15	3.17
1	0	10.1	115.95	497.88	360.45	372.08	316.57	104.12	33	15.32	6.8	5.1	3.08	2.38	3.84
1	0	0	19.53	103.74	190.3	151.09	134.91	89.25	28.65	7.82	2.67	1.72	0.92	1.17	0.4
1	38.19	125.9	60.55	110.88	295.94	336.35	151.96	61.45	39.52	10.75	1.88	1.31	0.45	0.31	0.05
1	3.52	98.46	136.49	227.74	208.29	174.08	82.2	21.37	8.82	3.08	1.78	0.59	0.1	0.12	0.35
1	3.3	19.54	101.12	146.72	153.85	159.85	119.98	53.22	23.33	7.3	3.22	1.21	0.85	0.6	0.56
1	22.23	26.52	16.78	117.67	121.17	129.09	112.64	83.42	68.42	17.95	6.94	3.63	2.04	0.84	1.06
1	153.58	170.15	71.84	23.72	92.46	93.43	79.57	98.92	72.7	33.66	18.85	12.31	4.89	1.08	1.65
1	90.79	329.62	415.51	122.87	73.67	132.01	115.59	83.79	61.82	48.92	25.38	7.07	3.09	0.84	1.48
1	45.83	184.04	302.51	117.19	54.49	67.47	98.53	62.47	48.66	26.88	26.18	12.06	2.83	1.12	1.27
1	10.8	149.76	223.5	295.37	105.56	42.39	72.91	75.89	41.05	26.8	26.98	15.76	7.85	0.99	2.91
1	17.74	47.32	177.32	270.23	322.44	82.82	46.4	31.57	16.8	10.24	9.74	5.87	1.68	0.82	1.27
1	-1	-1	-1	-1	-1	-1	-1	-1	-1	-1	-1	-1	-1	-1	-1
1	69.65	485.24	165.55	114.07	170.46	196.94	131.95	38.04	13.81	13.23	7.26	5.1	4.83	3.32	3.26
1	17.86	137.11	265.55	106.89	74.28	141.13	138.3	108.77	26.31	9.19	10.46	9.92	5.59	3.62	9
1	204.09	141.45	177.56	328.5	118.06	67.98	128.43	121.17	74.1	24.41	9.05	8.62	2.72	4.87	11.88
1	170	619.24	193.18	356.21	515.63	146.42	117.52	103.65	69.11	28.22	8.28	4.66	2.59	2.69	5.67
1	219.84	319.87	463.85	172.98	229.21	230.66	78.37	52.18	41.57	21.31	14.41	3.75	3.08	2.35	6.69
1	85.16	438.33	392.88	524.9	200.45	254.78	135.45	46.45	28.2	35.69	11.2	4.37	3.33	2.85	6.18
1	9.6	272.22	335.8	308.84	286.53	184.78	145.06	91.25	29.25	16.98	14.32	10.14	3.66	1.22	5.24
1	94.13	65.76	296.14	286.68	285.87	235.07	112.28	67.19	49.6	19.88	10.91	7.75	4.39	1.54	3.6
1	516.14	420.38	286.16	451.32	381.87	348.87	158.25	85.32	42.09	20.27	13.43	10.75	6.38	2.34	4.25
1	-1	-1	-1	-1	-1	-1	-1	-1	-1	-1	-1	-1	-1	-1	-1
1	62.66	622.04	1151.48	286.76	178.81	172.18	130.24	78.67	42.35	22.48	14.98	7.7	3.79	1.44	2.85
1	5.64	133.03	875.56	815.93	155.53	120.74	87.59	39.92	29.15	15.57	5.41	3.81	0.64	1.03	2.42
1	4.9	108.86	462.35	1047.2	379.33	135.07	84.56	54.32	29.39	18.8	9.78	5.98	1.43	1.51	1.57
SRV								
1985	2016							
1	1	0.46	0.46					
1	15							
1	0.26	2.33	50.22	158.99	263.81	454.55	595.65	389.8	208.01	140.24	84.3	45.2	22.72	13.98	14.84
1	0	4.42	31.32	109.83	256	561.36	577.16	307.06	193.65	98.12	45.96	34.38	21.74	8.9	13.65
1	0.48	27.88	100.65	221.62	460.21	747.45	656.21	398.31	184.64	101.1	41.83	33.8	19.93	11.14	15.28
1	0	8.47	80.37	191.29	368.61	616.62	543.88	314.97	217.85	85.29	48.63	32.58	18.75	11.97	14.87
1	0	6.23	86.77	445.13	336.14	551.77	470.17	273.73	187.64	74.68	39.84	27.07	16.83	9.65	16.1
1	0.27	9.74	45.46	348.31	618.75	377.9	371	200.26	130.48	77.52	32.39	21.46	14.43	8.81	14.05
1	0	1.75	30.62	84.11	398.19	364.16	180.21	112.92	67.54	35.19	22.26	13.36	7.22	5.53	8.83
1	0	4.5	33.55	59.84	110.28	190.14	150.92	63.4	34.12	17.5	9.45	5.4	3.34	1.77	5.19
1	0	2.38	9.5	120.53	138.05	180.14	160.06	89.45	32.23	16.51	7.63	4.26	1.78	1.33	2.42
1	0	0	2.54	21.11	99.22	106.04	85.37	43.27	19.99	5.4	3.95	1.4	1.24	1	0.73
1	0	0	2.02	11.12	41.91	57.52	59.88	49.94	27.48	8.34	2.66	0.54	0.09	0.04	0
1	0.35	46.33	99.84	125.79	133.68	130.51	97.12	39.51	16.19	4.5	1.94	2.23	0.52	0.25	0.38
1	0.08	6.57	40.3	55.12	65.28	84.4	79.31	48.72	18.94	6.05	2.68	1.82	0.56	0.17	0.29
1	0.54	9.75	10.67	52.67	69.8	69.2	76.74	79.39	47.91	19.56	9.93	3.28	1.62	0.45	0.61
1	8.43	42.46	35.1	22.49	66.74	104.51	104.87	111.52	107.31	65.32	30.52	13.02	6.51	1.89	3.26
1	4.76	54.56	149.32	72.54	34.98	67.01	78.01	64.57	59.16	47.19	27.93	9.54	4.04	0.9	2.54
1	5.22	100.97	275.88	112.98	28.85	36.35	73.86	62.44	58.43	45.04	34.57	16.02	5.54	2.77	4.32
1	0.31	37.86	98.69	150.59	56.5	41.33	51.94	53.82	38.25	24.42	20.03	12.56	4.01	2.01	1.58
1	0.22	8.56	73.59	80.28	150.38	61.47	20.27	43.33	47.63	27.03	25.47	22.44	8.92	4.25	4.29
1	7.29	14.48	28.1	73.07	93.5	148.54	44.59	20.04	27.12	25.99	17.58	16.04	8.98	5.41	2.45
1	5.07	131.19	223.16	78.49	149.66	163.83	143.87	55.1	31.86	16.51	13.68	8.24	6.22	4.66	7.58
1	-1	-1	-1	-1	-1	-1	-1	-1	-1	-1	-1	-1	-1	-1	-1
1	16.91	27.76	66.9	320.19	193.86	89.64	144.47	115.49	82.61	16.8	10.94	5.06	4.37	3.82	7.49
1	10.72	132.94	98.21	101.68	238.97	116.46	91.95	117.02	70.14	42.58	14.8	7.29	3.8	3.32	5.52
1	7.5	115.38	189.72	82.2	72.3	130.15	44.73	34.02	36.72	24.99	16.12	6.08	1.74	1.93	8.21
1	3.56	125.19	165.59	191.19	85.36	146.91	138.16	40.6	28.07	18.36	12.12	8.91	3.26	1.23	5.94
1	0	79.15	207.66	209.45	189.29	116.47	97	66.68	20.59	13.17	10.89	10.52	3.07	0.97	5.38
1	33.28	44.1	193.81	234.09	159.08	173.32	114.51	71.45	46.93	22.83	12.02	7.08	4.48	2.06	4.98
1	18.93	164.34	126.91	267.13	219.65	187.01	182.65	98.24	53.39	33.13	17.57	12.09	5.1	3.14	5.33
1	8.5	302.99	392.74	126.99	175.92	196.79	140.46	121.48	67.11	37.58	27.12	12.16	8.03	7.21	7.94
1	-1	-1	-1	-1	-1	-1	-1	-1	-1	-1	-1	-1	-1	-1	-1
1	1.78	76.28	285.11	315.37	75.3	46.82	41.93	30.35	16.45	12.03	6.15	3.73	1.97	1.5	0.65
SPRV								
1997	2016							
1	1	0.5	0.5					
1	15							
1	0	0.1	1.96	4.8	6.14	19.92	25.74	13.68	4.55	1.26	0.48	0.4	0.12	0.11	0.091	0	0.15	0.45	5.87	8.58	14.25	29.99	48.49	33.83	13.68	5.39	1.97	0.95	1.03	0.381	0	21.79	14.37	4.14	12.89	37.92	32.15	42.53	60.52	50.12	20.46	9.19	5	1.87	2.471	0	50.52	189.34	67.85	11	19.64	49.71	39.49	51.9	46.98	29.09	13.56	6.38	0.97	5.491	1.8	25.51	256.81	78.07	4.81	11.44	30.59	28.5	27.17	20.44	21.2	8.26	2.27	0.96	1.381	0.05	10.78	25.04	165.33	38.4	11.4	10.04	18.84	14.28	8.86	10.67	7.45	1.84	1.03	0.421	0.65	4.19	35.35	57.98	235.17	56.43	22.53	16.91	19.43	8.11	8.5	10.41	3.88	1.73	1.411	56.59	20.5	13.07	35.03	76.8	204.71	47.14	12.83	11.17	11.95	6.44	7.9	4.39	3.8	0.971	1.71	76.18	130.08	17.07	40.63	91.46	121.13	42.37	17.82	6.11	4.39	4.29	3.3	2.38	3.381	0.1	13.8	161.73	217.72	105.85	85.84	92.85	78.66	57.88	25.6	11.87	6.46	3.47	2.28	2.831	4.94	1.2	10.55	158.79	97.64	33.62	61.14	45.09	56.8	10.92	3.75	3.07	2.24	2.27	4.011	3.81	65.15	10.66	33.75	282.61	121.99	36.95	75.11	38.91	32.57	8.91	4.69	1.69	2.44	6.111	2.61	3.55	30.98	6.74	50.51	97.16	35.08	19.65	17.17	23.13	20.54	8.02	1.5	1.11	7.311	0.32	41.96	28.13	67.85	43.5	108.88	141	29.71	13.66	9.56	9.44	11.11	3.5	1.34	6.691	0.08	6.42	84.24	70.92	116.78	137.16	128.1	82.41	14.83	9.97	8.76	6.36	2.18	0.9	3.11	0.68	0.32	3.96	58.35	71.4	167.96	125.2	84.46	49.52	17.64	6.98	5.1	2.67	1.65	2.181	2.52	0.72	1.07	12.15	132.64	160.5	182.84	64.82	41.94	21.77	8.17	5.23	2.62	1.31	2.361	0.32	2.73	14.1	9.61	9.69	60.94	67.5	74.63	42.27	22.41	14.86	3.64	1.71	1.88	2.431	0.43	6.45	60.61	19.64	13.86	77.09	157.46	39	27.75	10.99	6.05	2.1	0.71	0.38	1.381	0	0.01	4.7	20.11	7.13	11.01	30.38	22.48	10.89	7.34	3.28	1.94	0.65	0.73	0.49