Length	1991	1992	1993	1994	1995	1996	1997	1998	1999	2000	2001	2002	2003	2004	2005	2006	2007	2008	2009	2010	2011	2012	2013	2014	2015	2016	2017	2018	2019
4	0	0	0	0	0	0	0	0	0	0	0	0	0	0	0	0	0	0	0	0	0	0	0	NA	0	127	0	0	0
5	0	0	0	15	240	56	86	17	0	117	445	232	1090	34	0	84	234	31	96	1384	57	263	417	NA	712	421	1580.7	153.7	0
6	0	0	0	0	256	359	330	0	251	481	937	915	2427	85	133	1418	512	641	624	1110	318	1405	4539	NA	2832	735	16181	498.9	235.7
7	203	0	0	0	138	88	395	39	50	673	755	873	2185	61	162	1831	2222	2359	318	1405	727	926	2902	NA	35136	499	19057.6	3651.7	743.2
8	1298	0	0	0	111	72	386	47	37	602	2114	1614	2714	620	908	466	2914	2745	871	3377	878	2332	4879	NA	86942	6970	2504.5	6102.7	903.6
9	1236	0	0	0	241	146	468	252	421	620	3146	1275	2095	1280	2236	829	8313	2359	3452	3788	2878	6976	5697	NA	33864	22014	1713.4	6281.7	1910.7
10	7263	0	93	31	292	250	306	214	171	388	4323	1129	2855	1719	1574	1458	8498	4100	9932	4676	2265	9925	5439	NA	5654	50160	4045.4	4354.9	3121.6
11	22235	371	63	31	213	349	249	203	402	215	2846	2840	1839	1046	3957	1709	7527	5543	5206	6612	1841	8539	8460	NA	2409	12041	13016	2124.4	2681.4
12	62419	62	372	0	241	106	175	275	786	202	1266	2255	1123	1131	9942	3083	6352	4861	4025	7947	1925	6516	12917	NA	1685	7325	19814.3	4471.4	2578
13	109337	3189	457	335	304	274	366	596	868	320	1056	2072	1488	1436	11090	3970	5871	27297	9473	10315	3250	5463	12133	NA	1763	1941	21313.7	6333.9	3482.6
14	33876	27936	1775	551	513	1419	728	912	2472	587	445	2545	1451	1015	10309	8256	9046	28768	20311	11133	4187	6377	15089	NA	2479	970	19947	8870.3	4767
15	14030	104298	1333	2362	967	722	1104	1768	1548	3635	407	1884	1929	538	8461	13286	21881	23691	17750	8561	8268	5234	28083	NA	3107	1493	9834.2	9630.8	9889.6
16	7809	113966	3259	3697	1611	919	1405	4159	717	4671	11018	2159	8240	879	6083	20912	40243	116528	35720	12943	14606	3150	12974	NA	3043	1134	8193.6	8954.8	15946
17	7860	106448	5283	12985	9645	825	1848	8155	1144	5480	31421	4694	15193	1984	5713	27177	51164	228751	138765	18474	46427	9778	15860	NA	4208	1105	7944.6	7670.9	46786.2
18	16191	95896	8707	28684	37932	2227	2095	12225	3185	7035	57695	9082	25813	5468	7248	23009	43358	221311	396982	77810	103647	24081	34943	NA	4920	1136	8079.5	5001.2	58102.9
19	32214	71577	6425	29295	72192	5062	8438	17373	6536	11926	74228	13661	38672	8222	10928	24342	35091	141084	421539	269160	432556	116751	92467	NA	28086	3178	15464.6	2345.5	61906
20	27189	113846	3906	15292	78316	6479	21672	46005	9068	31680	80538	12568	45262	9790	15982	26793	45870	78263	279787	459453	996936	315398	109915	NA	96233	16383	41884.4	6548.6	36930.8
21	15810	148628	5306	7701	43397	6621	47562	88726	15347	50184	65575	16481	42849	13134	25645	36447	55971	63995	138841	499979	1198226	664907	283174	NA	285478	71859	102483.7	24542.8	63201.9
22	7915	153395	6375	5119	27652	6123	52500	124662	23121	66781	130029	20168	39683	13632	23899	49628	61550	55482	67350	303473	587045	653151	454374	NA	521322	156747	186946.8	103635.4	138322.7
23	6139	89704	6578	6494	20117	6743	44777	92991	29000	60123	118427	23529	39374	16732	29785	71774	84212	89011	53177	261470	300782	501477	309498	NA	455999	203674	206449.5	175899.6	236541.7
24	8377	28658	5164	5456	10296	4864	31865	56410	26969	52986	85149	25353	31785	15458	20362	67361	81986	80398	65248	260734	126712	314858	193667	NA	350489	151521	151608.1	188184.2	229437.8
25	8943	14222	3947	6808	12898	4429	24356	30123	29819	50534	64519	21326	21398	13066	15824	34947	57418	66252	46806	165444	97731	203720	122411	NA	221208	87514	106462.2	120878.4	200465.4
26	6602	13410	4120	8670	8517	4370	21375	23090	27515	40188	39693	19872	18032	10432	12713	32335	39981	49866	39922	120859	82802	152183	64144	NA	115600	64422	91853.9	99713.9	124483.6
27	4022	14699	4361	7830	17364	2890	21141	20596	25585	21851	33743	16470	17605	9397	10857	19109	26128	48823	34957	95155	49339	135137	32163	NA	95100	25728	52375.1	65106	89372.1
28	3776	8768	4240	8402	17495	2707	14031	18336	24801	17424	20396	10503	13962	12135	12471	11651	19087	37469	24861	72543	35075	76038	23430	NA	62113	16853	34502.9	33366	54050.6
29	2526	4855	3503	7625	16330	2678	8032	13397	16323	16387	14957	7230	7798	13950	12659	10147	13206	21724	24372	38007	30904	67575	16618	NA	44305	16202	29017.3	18777.5	23000.6
30	2110	3340	2765	6195	12717	2242	6138	7942	11346	12127	11093	5122	4910	12267	9865	7475	7643	18374	14245	26788	35523	46137	14071	NA	31552	12743	21133.6	12395.2	16565.1
31	1960	3229	1949	4553	16297	3409	4994	6250	7641	10199	9147	5109	3755	9066	7347	9531	6404	11854	10895	15934	17230	29841	8793	NA	35300	12982	18870	10961	13075.9
32	1314	2389	1901	2709	10628	2210	4035	5730	6315	7165	5261	4608	3523	6787	5214	7469	4180	6793	7953	14869	11668	28059	8562	NA	5061	13155	18091.4	6614.2	9005.2
33	1212	3299	1671	1603	7262	1220	2107	3878	5642	5026	4354	3862	3360	4636	4905	4870	3623	6389	6675	9280	4838	18841	5790	NA	8421	18683	15925.1	4790	5002.8
34	1117	1431	1286	916	3447	559	1673	4512	4545	3369	2776	2701	2182	2959	3942	2096	2183	5268	3627	5875	2164	7507	2538	NA	3360	15952	10825.6	3305.2	3562.5
35	1287	716	1044	610	1966	217	653	2048	3256	1303	1679	1451	1175	1760	2720	1118	1067	2385	2538	1885	1869	4530	2229	NA	1893	16454	7594	2117.1	3177
36	1184	595	800	297	1171	118	499	1080	1539	1092	675	560	506	1259	1456	537	416	970	2183	2310	1332	2698	1220	NA	1439	7863	8653.3	1024.8	3069.9
37	1005	385	460	211	335	64	308	426	339	499	636	325	182	765	1298	444	847	784	1772	1299	817	5530	653	NA	698	6419	5261.2	980.9	2708.1
38	1166	401	427	257	398	14	243	247	184	329	282	85	111	392	385	136	275	654	700	1374	138	5691	208	NA	323	4494	4009.5	446.9	2226.8
39	787	228	308	274	572	22	176	85	272	227	215	67	115	666	228	55	40	0	300	372	136	1938	257	NA	479	2031	1234.2	525.8	1548.2
40	662	93	237	119	75	22	164	17	67	151	180	136	0	308	60	116	17	391	250	389	0	954	375	NA	63	557	1376.5	217.1	710.5
41	221	124	155	0	20	22	191	40	82	67	81	0	0	76	85	61	103	0	129	208	0	1509	0	NA	62	53	553	43.8	207.6
42	135	77	132	15	24	0	45	0	0	67	0	17	0	232	60	0	0	263	505	195	0	630	0	NA	0	664	218.5	161.3	66.4
43	102	31	37	32	32	0	0	35	50	0	4	21	0	99	0	0	0	0	92	0	45	571	0	NA	0	664	255.9	161	130.2
44	128	46	99	0	0	42	0	17	50	4	0	17	0	0	0	0	0	0	0	0	0	525	0	NA	274	212	155.3	0	109.7
45	46	15	69	15	36	28	0	17	50	76	0	17	0	0	0	0	63	131	46	83	0	355	0	NA	0	71	23	35.2	11.4
46	24	46	0	0	12	14	0	0	0	18	17	0	0	0	0	16	0	0	0	0	0	216	0	NA	0	125	441.6	79.3	0
47	15	15	15	8	0	12	0	0	17	0	0	0	0	0	0	0	0	0	0	0	0	355	0	NA	0	0	58.4	19.4	0
48	0	0	0	0	0	0	0	0	17	0	0	0	0	0	0	0	0	62	0	0	0	77	0	NA	0	0	0	39.6	43.7
49	0	15	0	0	0	0	0	0	0	0	0	0	0	0	0	0	0	0	0	0	0	77	0	NA	0	53	223.8	35.2	0
50	15	0	0	0	0	0	0	0	0	0	0	0	0	0	0	0	0	0	0	0	0	77	0	NA	0	0	0	0	0
51	0	0	0	0	0	0	0	0	0	0	0	0	0	0	0	0	0	0	0	0	0	0	0	NA	0	0	0	0	0
52	0	0	0	0	0	0	0	0	0	0	0	0	0	0	0	0	0	0	0	1022	0	0	0	NA	0	0	0	0	17.9
53	0	0	0	0	0	0	0	0	0	0	0	0	0	0	0	0	0	0	0	0	0	77	0	NA	0	0	22.2	39.6	25.1
